
Random_vector

0
(500,1) (600,1) (700,1) (800,2) (900,2) (1000,2) (1100,5) (1200,15) (1300,10) (1400,3) (1500,4) (1600,16) (1700,14) (1800,1) (1900,2) (2000,2) (2100,2) (2200,3) (2300,4) (2400,9) (2500,16) (2600,3) (2700,4) (2800,5) (2900,4) (3000,4) (3100,4) (3200,4) (3300,4) (3400,3) (3500,4) (3600,4) (3700,5) (3800,5) (3900,4) (4000,6) (4100,9) (4200,9) (4300,6) (4400,5) (4500,8) (4600,5) (4700,7) (4800,5) (4900,5) (5000,5) (7000,8) (9000,10) (11000,18) (13000,18) (15000,20) (17000,18) (19000,24) (21000,26) (23000,28) (25000,31) (27000,31) (29000,37) (31000,39) (33000,37) (35000,43) (37000,46) (39000,47) (41000,48) (43000,51) (45000,57) (47000,57) (49000,61) (51000,62) (53000,66) (55000,69) (57000,70) (59000,74) (61000,77) (63000,84) (65000,82) (67000,86) (69000,86) (71000,90) (73000,87) (75000,98) (77000,98) (79000,97) (81000,110) (83000,103) (85000,106) (87000,108) (89000,113) (91000,129) (93000,117) (95000,127) (97000,129) (99000,129) (101000,139) (103000,138) (105000,139) (107000,140) (109000,138) (111000,146) (113000,148) (115000,153) (117000,152) (119000,158) (121000,166) (123000,165) (125000,162) (127000,233) (129000,209) (131000,186) (133000,185) (135000,180) (137000,194) (139000,185) (141000,187) (143000,194) (145000,193) (147000,345) (149000,209) (151000,206) (153000,203) (155000,208) (157000,209) (159000,214) (161000,217) (163000,238) (165000,239) (167000,236) (169000,241) (171000,243) (173000,231) (175000,237) (177000,244) (179000,247) (181000,253) (183000,259) (185000,251) (187000,262) (189000,264) (191000,300) (193000,281) (195000,278) (197000,274) (199000,279) (200000,294) 

5
(500,0) (600,0) (700,0) (800,0) (900,0) (1000,0) (1100,0) (1200,0) (1300,0) (1400,0) (1500,0) (1600,1) (1700,1) (1800,1) (1900,1) (2000,1) (2100,1) (2200,2) (2300,3) (2400,1) (2500,1) (2600,1) (2700,2) (2800,1) (2900,2) (3000,2) (3100,2) (3200,2) (3300,2) (3400,2) (3500,2) (3600,2) (3700,2) (3800,2) (3900,2) (4000,2) (4100,2) (4200,2) (4300,3) (4400,3) (4500,3) (4600,3) (4700,3) (4800,3) (4900,4) (5000,3) (7000,4) (9000,7) (11000,8) (13000,9) (15000,13) (17000,12) (19000,13) (21000,18) (23000,17) (25000,19) (27000,23) (29000,22) (31000,28) (33000,25) (35000,25) (37000,30) (39000,33) (41000,35) (43000,37) (45000,39) (47000,39) (49000,41) (51000,42) (53000,43) (55000,45) (57000,46) (59000,48) (61000,50) (63000,49) (65000,53) (67000,55) (69000,57) (71000,58) (73000,62) (75000,64) (77000,94) (79000,84) (81000,77) (83000,79) (85000,84) (87000,99) (89000,95) (91000,89) (93000,84) (95000,84) (97000,91) (99000,83) (101000,89) (103000,83) (105000,89) (107000,89) (109000,94) (111000,92) (113000,94) (115000,93) (117000,98) (119000,94) (121000,100) (123000,100) (125000,99) (127000,106) (129000,104) (131000,102) (133000,107) (135000,107) (137000,117) (139000,116) (141000,118) (143000,120) (145000,126) (147000,125) (149000,138) (151000,147) (153000,135) (155000,155) (157000,144) (159000,147) (161000,145) (163000,149) (165000,151) (167000,192) (169000,163) (171000,155) (173000,156) (175000,159) (177000,158) (179000,155) (181000,160) (183000,160) (185000,164) (187000,163) (189000,169) (191000,170) (193000,187) (195000,167) (197000,181) (199000,185) (200000,178) 

10
(500,0) (600,0) (700,0) (800,0) (900,0) (1000,0) (1100,0) (1200,0) (1300,0) (1400,0) (1500,0) (1600,0) (1700,0) (1800,0) (1900,0) (2000,0) (2100,1) (2200,1) (2300,1) (2400,1) (2500,1) (2600,1) (2700,1) (2800,2) (2900,1) (3000,1) (3100,1) (3200,1) (3300,2) (3400,2) (3500,3) (3600,1) (3700,1) (3800,1) (3900,1) (4000,1) (4100,2) (4200,2) (4300,2) (4400,2) (4500,2) (4600,2) (4700,2) (4800,2) (4900,3) (5000,2) (7000,3) (9000,4) (11000,6) (13000,7) (15000,8) (17000,10) (19000,11) (21000,13) (23000,16) (25000,16) (27000,17) (29000,17) (31000,21) (33000,19) (35000,21) (37000,22) (39000,30) (41000,28) (43000,29) (45000,31) (47000,32) (49000,36) (51000,35) (53000,36) (55000,43) (57000,37) (59000,40) (61000,41) (63000,44) (65000,44) (67000,43) (69000,47) (71000,45) (73000,47) (75000,50) (77000,52) (79000,57) (81000,58) (83000,59) (85000,63) (87000,65) (89000,66) (91000,68) (93000,66) (95000,66) (97000,66) (99000,67) (101000,72) (103000,73) (105000,74) (107000,76) (109000,106) (111000,77) (113000,80) (115000,95) (117000,87) (119000,82) (121000,81) (123000,84) (125000,88) (127000,102) (129000,102) (131000,89) (133000,88) (135000,90) (137000,94) (139000,107) (141000,96) (143000,96) (145000,95) (147000,99) (149000,102) (151000,102) (153000,111) (155000,112) (157000,107) (159000,120) (161000,116) (163000,125) (165000,135) (167000,128) (169000,126) (171000,131) (173000,134) (175000,127) (177000,143) (179000,136) (181000,130) (183000,132) (185000,138) (187000,151) (189000,147) (191000,139) (193000,139) (195000,145) (197000,146) (199000,146) (200000,147) 

20
(500,0) (600,0) (700,0) (800,0) (900,0) (1000,0) (1100,0) (1200,0) (1300,0) (1400,0) (1500,0) (1600,0) (1700,0) (1800,0) (1900,0) (2000,0) (2100,0) (2200,0) (2300,0) (2400,0) (2500,0) (2600,1) (2700,1) (2800,1) (2900,1) (3000,1) (3100,1) (3200,1) (3300,1) (3400,1) (3500,1) (3600,1) (3700,1) (3800,1) (3900,1) (4000,3) (4100,1) (4200,1) (4300,2) (4400,1) (4500,1) (4600,1) (4700,2) (4800,2) (4900,2) (5000,2) (7000,2) (9000,3) (11000,5) (13000,6) (15000,7) (17000,8) (19000,10) (21000,11) (23000,13) (25000,13) (27000,14) (29000,16) (31000,15) (33000,19) (35000,21) (37000,20) (39000,21) (41000,23) (43000,27) (45000,30) (47000,30) (49000,47) (51000,50) (53000,32) (55000,32) (57000,32) (59000,37) (61000,34) (63000,39) (65000,37) (67000,41) (69000,37) (71000,43) (73000,40) (75000,43) (77000,42) (79000,47) (81000,46) (83000,52) (85000,53) (87000,50) (89000,57) (91000,57) (93000,59) (95000,70) (97000,62) (99000,62) (101000,63) (103000,66) (105000,64) (107000,67) (109000,69) (111000,67) (113000,70) (115000,77) (117000,70) (119000,77) (121000,82) (123000,81) (125000,76) (127000,77) (129000,80) (131000,80) (133000,83) (135000,84) (137000,84) (139000,85) (141000,87) (143000,83) (145000,84) (147000,94) (149000,90) (151000,91) (153000,91) (155000,93) (157000,96) (159000,95) (161000,106) (163000,116) (165000,111) (167000,115) (169000,109) (171000,123) (173000,112) (175000,109) (177000,116) (179000,120) (181000,116) (183000,126) (185000,127) (187000,124) (189000,140) (191000,123) (193000,129) (195000,138) (197000,166) (199000,160) (200000,147) 

50
(500,0) (600,0) (700,0) (800,0) (900,0) (1000,0) (1100,0) (1200,0) (1300,0) (1400,0) (1500,0) (1600,0) (1700,0) (1800,0) (1900,0) (2000,0) (2100,0) (2200,0) (2300,0) (2400,1) (2500,1) (2600,1) (2700,1) (2800,1) (2900,2) (3000,45) (3100,4) (3200,1) (3300,2) (3400,2) (3500,2) (3600,7) (3700,7) (3800,6) (3900,1) (4000,3) (4100,1) (4200,1) (4300,2) (4400,1) (4500,2) (4600,1) (4700,2) (4800,2) (4900,2) (5000,2) (7000,3) (9000,9) (11000,6) (13000,10) (15000,10) (17000,9) (19000,11) (21000,12) (23000,14) (25000,15) (27000,14) (29000,17) (31000,18) (33000,17) (35000,24) (37000,27) (39000,25) (41000,28) (43000,25) (45000,26) (47000,29) (49000,48) (51000,38) (53000,37) (55000,34) (57000,37) (59000,38) (61000,35) (63000,38) (65000,34) (67000,44) (69000,40) (71000,40) (73000,44) (75000,42) (77000,47) (79000,45) (81000,45) (83000,62) (85000,60) (87000,48) (89000,51) (91000,54) (93000,53) (95000,54) (97000,55) (99000,56) (101000,58) (103000,57) (105000,59) (107000,66) (109000,65) (111000,64) (113000,63) (115000,64) (117000,66) (119000,72) (121000,78) (123000,75) (125000,73) (127000,73) (129000,112) (131000,77) (133000,78) (135000,112) (137000,82) (139000,83) (141000,83) (143000,85) (145000,83) (147000,87) (149000,81) (151000,88) (153000,93) (155000,89) (157000,94) (159000,91) (161000,91) (163000,95) (165000,96) (167000,105) (169000,115) (171000,100) (173000,101) (175000,101) (177000,106) (179000,104) (181000,106) (183000,111) (185000,106) (187000,111) (189000,111) (191000,116) (193000,125) (195000,121) (197000,125) (199000,113) (200000,119) 

100
(500,0) (600,0) (700,0) (800,0) (900,0) (1000,0) (1100,0) (1200,0) (1300,0) (1400,0) (1500,0) (1600,0) (1700,0) (1800,0) (1900,0) (2000,0) (2100,0) (2200,0) (2300,1) (2400,0) (2500,0) (2600,1) (2700,1) (2800,3) (2900,1) (3000,1) (3100,1) (3200,1) (3300,1) (3400,1) (3500,1) (3600,1) (3700,1) (3800,1) (3900,1) (4000,1) (4100,2) (4200,1) (4300,1) (4400,1) (4500,1) (4600,2) (4700,1) (4800,2) (4900,3) (5000,2) (7000,3) (9000,4) (11000,6) (13000,8) (15000,37) (17000,16) (19000,9) (21000,13) (23000,11) (25000,15) (27000,15) (29000,15) (31000,17) (33000,17) (35000,19) (37000,20) (39000,21) (41000,26) (43000,21) (45000,29) (47000,30) (49000,28) (51000,27) (53000,27) (55000,32) (57000,30) (59000,29) (61000,34) (63000,33) (65000,41) (67000,38) (69000,38) (71000,39) (73000,42) (75000,42) (77000,44) (79000,47) (81000,51) (83000,45) (85000,48) (87000,53) (89000,89) (91000,65) (93000,57) (95000,59) (97000,58) (99000,56) (101000,60) (103000,61) (105000,59) (107000,61) (109000,67) (111000,71) (113000,66) (115000,65) (117000,75) (119000,68) (121000,70) (123000,70) (125000,73) (127000,70) (129000,74) (131000,78) (133000,81) (135000,90) (137000,92) (139000,80) (141000,88) (143000,84) (145000,86) (147000,85) (149000,91) (151000,88) (153000,91) (155000,90) (157000,96) (159000,100) (161000,96) (163000,107) (165000,102) (167000,101) (169000,103) (171000,110) (173000,121) (175000,111) (177000,109) (179000,107) (181000,113) (183000,114) (185000,110) (187000,122) (189000,123) (191000,116) (193000,118) (195000,122) (197000,128) (199000,129) (200000,141) 
Reversed vector

0
(500,0) (600,0) (700,0) (800,0) (900,0) (1000,0) (1100,0) (1200,1) (1300,1) (1400,1) (1500,1) (1600,1) (1700,1) (1800,2) (1900,2) (2000,2) (2100,2) (2200,2) (2300,2) (2400,2) (2500,2) (2600,10) (2700,4) (2800,3) (2900,9) (3000,8) (3100,7) (3200,5) (3300,14) (3400,4) (3500,4) (3600,4) (3700,4) (3800,4) (3900,7) (4000,6) (4100,5) (4200,4) (4300,4) (4400,5) (4500,5) (4600,4) (4700,5) (4800,7) (4900,5) (5000,4) (7000,8) (9000,11) (11000,12) (13000,15) (15000,19) (17000,18) (19000,23) (21000,22) (23000,25) (25000,29) (27000,33) (29000,44) (31000,43) (33000,44) (35000,44) (37000,46) (39000,47) (41000,48) (43000,51) (45000,52) (47000,52) (49000,56) (51000,60) (53000,62) (55000,68) (57000,70) (59000,74) (61000,75) (63000,73) (65000,87) (67000,85) (69000,79) (71000,83) (73000,83) (75000,86) (77000,89) (79000,94) (81000,91) (83000,97) (85000,104) (87000,103) (89000,106) (91000,105) (93000,112) (95000,111) (97000,114) (99000,114) (101000,128) (103000,136) (105000,130) (107000,163) (109000,134) (111000,136) (113000,138) (115000,153) (117000,141) (119000,147) (121000,149) (123000,170) (125000,163) (127000,158) (129000,156) (131000,154) (133000,155) (135000,162) (137000,161) (139000,160) (141000,168) (143000,175) (145000,173) (147000,192) (149000,180) (151000,183) (153000,179) (155000,189) (157000,187) (159000,194) (161000,215) (163000,206) (165000,197) (167000,208) (169000,208) (171000,216) (173000,209) (175000,211) (177000,219) (179000,214) (181000,239) (183000,230) (185000,230) (187000,227) (189000,233) (191000,259) (193000,236) (195000,238) (197000,241) (199000,251) (200000,243) 

5
(500,0) (600,0) (700,0) (800,0) (900,0) (1000,0) (1100,0) (1200,0) (1300,0) (1400,0) (1500,0) (1600,1) (1700,0) (1800,0) (1900,0) (2000,0) (2100,1) (2200,1) (2300,1) (2400,1) (2500,1) (2600,2) (2700,2) (2800,1) (2900,1) (3000,1) (3100,1) (3200,1) (3300,1) (3400,2) (3500,2) (3600,2) (3700,2) (3800,1) (3900,2) (4000,2) (4100,2) (4200,2) (4300,60) (4400,3) (4500,9) (4600,2) (4700,3) (4800,2) (4900,2) (5000,2) (7000,4) (9000,4) (11000,7) (13000,9) (15000,8) (17000,9) (19000,14) (21000,15) (23000,14) (25000,16) (27000,16) (29000,18) (31000,20) (33000,21) (35000,21) (37000,26) (39000,28) (41000,31) (43000,30) (45000,33) (47000,33) (49000,32) (51000,37) (53000,40) (55000,35) (57000,38) (59000,38) (61000,43) (63000,45) (65000,44) (67000,50) (69000,54) (71000,52) (73000,52) (75000,59) (77000,53) (79000,60) (81000,60) (83000,62) (85000,64) (87000,64) (89000,65) (91000,68) (93000,67) (95000,67) (97000,65) (99000,85) (101000,67) (103000,70) (105000,75) (107000,77) (109000,79) (111000,77) (113000,77) (115000,89) (117000,89) (119000,104) (121000,79) (123000,85) (125000,88) (127000,86) (129000,83) (131000,87) (133000,86) (135000,90) (137000,95) (139000,96) (141000,96) (143000,96) (145000,104) (147000,109) (149000,106) (151000,113) (153000,125) (155000,121) (157000,119) (159000,121) (161000,122) (163000,124) (165000,127) (167000,146) (169000,133) (171000,127) (173000,131) (175000,131) (177000,132) (179000,134) (181000,134) (183000,142) (185000,138) (187000,136) (189000,135) (191000,142) (193000,146) (195000,140) (197000,145) (199000,143) (200000,143) 

10
(500,0) (600,0) (700,0) (800,0) (900,0) (1000,0) (1100,0) (1200,0) (1300,0) (1400,0) (1500,0) (1600,0) (1700,0) (1800,0) (1900,0) (2000,0) (2100,0) (2200,0) (2300,0) (2400,0) (2500,1) (2600,1) (2700,1) (2800,1) (2900,1) (3000,1) (3100,1) (3200,1) (3300,2) (3400,3) (3500,1) (3600,1) (3700,1) (3800,3) (3900,2) (4000,1) (4100,2) (4200,1) (4300,2) (4400,2) (4500,3) (4600,3) (4700,2) (4800,3) (4900,2) (5000,2) (7000,2) (9000,6) (11000,8) (13000,11) (15000,7) (17000,11) (19000,15) (21000,29) (23000,33) (25000,24) (27000,16) (29000,17) (31000,22) (33000,21) (35000,23) (37000,21) (39000,26) (41000,28) (43000,30) (45000,30) (47000,28) (49000,31) (51000,30) (53000,29) (55000,31) (57000,31) (59000,33) (61000,34) (63000,35) (65000,36) (67000,50) (69000,37) (71000,37) (73000,40) (75000,45) (77000,42) (79000,51) (81000,47) (83000,49) (85000,48) (87000,53) (89000,52) (91000,54) (93000,56) (95000,55) (97000,59) (99000,55) (101000,58) (103000,61) (105000,61) (107000,56) (109000,68) (111000,63) (113000,65) (115000,67) (117000,65) (119000,105) (121000,72) (123000,72) (125000,73) (127000,71) (129000,72) (131000,71) (133000,71) (135000,73) (137000,75) (139000,79) (141000,78) (143000,81) (145000,97) (147000,82) (149000,82) (151000,90) (153000,95) (155000,98) (157000,96) (159000,95) (161000,99) (163000,116) (165000,101) (167000,108) (169000,103) (171000,104) (173000,106) (175000,107) (177000,109) (179000,110) (181000,108) (183000,111) (185000,115) (187000,115) (189000,111) (191000,116) (193000,114) (195000,120) (197000,119) (199000,120) (200000,121) 

20
(500,0) (600,0) (700,0) (800,0) (900,0) (1000,0) (1100,0) (1200,0) (1300,0) (1400,0) (1500,0) (1600,0) (1700,0) (1800,0) (1900,0) (2000,0) (2100,0) (2200,0) (2300,0) (2400,0) (2500,0) (2600,0) (2700,0) (2800,1) (2900,1) (3000,1) (3100,1) (3200,1) (3300,1) (3400,1) (3500,1) (3600,1) (3700,1) (3800,1) (3900,1) (4000,1) (4100,1) (4200,1) (4300,1) (4400,13) (4500,3) (4600,2) (4700,1) (4800,13) (4900,3) (5000,2) (7000,3) (9000,4) (11000,13) (13000,5) (15000,8) (17000,7) (19000,7) (21000,10) (23000,11) (25000,11) (27000,12) (29000,15) (31000,17) (33000,14) (35000,16) (37000,16) (39000,20) (41000,20) (43000,24) (45000,21) (47000,22) (49000,24) (51000,27) (53000,27) (55000,26) (57000,28) (59000,29) (61000,30) (63000,32) (65000,32) (67000,34) (69000,38) (71000,37) (73000,40) (75000,40) (77000,38) (79000,40) (81000,44) (83000,46) (85000,54) (87000,47) (89000,49) (91000,46) (93000,48) (95000,48) (97000,47) (99000,51) (101000,55) (103000,53) (105000,52) (107000,88) (109000,58) (111000,59) (113000,59) (115000,59) (117000,58) (119000,60) (121000,63) (123000,63) (125000,70) (127000,65) (129000,64) (131000,72) (133000,66) (135000,71) (137000,72) (139000,74) (141000,72) (143000,71) (145000,75) (147000,76) (149000,80) (151000,78) (153000,78) (155000,79) (157000,100) (159000,86) (161000,122) (163000,104) (165000,106) (167000,107) (169000,129) (171000,138) (173000,136) (175000,103) (177000,101) (179000,104) (181000,110) (183000,97) (185000,103) (187000,110) (189000,104) (191000,135) (193000,106) (195000,114) (197000,104) (199000,109) (200000,107) 

50
(500,0) (600,0) (700,0) (800,0) (900,0) (1000,0) (1100,0) (1200,0) (1300,0) (1400,0) (1500,0) (1600,0) (1700,0) (1800,0) (1900,0) (2000,0) (2100,0) (2200,0) (2300,0) (2400,0) (2500,0) (2600,0) (2700,1) (2800,1) (2900,1) (3000,1) (3100,1) (3200,1) (3300,1) (3400,1) (3500,1) (3600,1) (3700,1) (3800,1) (3900,1) (4000,1) (4100,1) (4200,1) (4300,2) (4400,1) (4500,1) (4600,2) (4700,1) (4800,1) (4900,2) (5000,3) (7000,3) (9000,4) (11000,6) (13000,6) (15000,7) (17000,8) (19000,10) (21000,10) (23000,12) (25000,13) (27000,13) (29000,13) (31000,14) (33000,14) (35000,17) (37000,19) (39000,18) (41000,21) (43000,22) (45000,24) (47000,25) (49000,28) (51000,25) (53000,26) (55000,29) (57000,30) (59000,30) (61000,31) (63000,32) (65000,33) (67000,32) (69000,36) (71000,37) (73000,38) (75000,38) (77000,41) (79000,43) (81000,73) (83000,48) (85000,51) (87000,48) (89000,46) (91000,50) (93000,50) (95000,48) (97000,54) (99000,53) (101000,54) (103000,53) (105000,54) (107000,70) (109000,64) (111000,66) (113000,59) (115000,57) (117000,60) (119000,60) (121000,61) (123000,64) (125000,62) (127000,77) (129000,74) (131000,67) (133000,69) (135000,67) (137000,70) (139000,72) (141000,76) (143000,77) (145000,82) (147000,80) (149000,74) (151000,85) (153000,85) (155000,84) (157000,86) (159000,88) (161000,88) (163000,124) (165000,92) (167000,102) (169000,89) (171000,98) (173000,94) (175000,93) (177000,99) (179000,99) (181000,104) (183000,108) (185000,106) (187000,118) (189000,111) (191000,119) (193000,112) (195000,112) (197000,113) (199000,116) (200000,120) 

100
(500,0) (600,0) (700,0) (800,0) (900,0) (1000,0) (1100,0) (1200,0) (1300,0) (1400,0) (1500,0) (1600,0) (1700,0) (1800,0) (1900,0) (2000,0) (2100,0) (2200,1) (2300,1) (2400,1) (2500,1) (2600,1) (2700,1) (2800,1) (2900,1) (3000,1) (3100,2) (3200,1) (3300,1) (3400,1) (3500,1) (3600,1) (3700,2) (3800,4) (3900,1) (4000,2) (4100,1) (4200,1) (4300,1) (4400,2) (4500,2) (4600,2) (4700,5) (4800,2) (4900,2) (5000,2) (7000,3) (9000,5) (11000,6) (13000,5) (15000,6) (17000,8) (19000,10) (21000,14) (23000,14) (25000,14) (27000,14) (29000,17) (31000,16) (33000,18) (35000,19) (37000,23) (39000,24) (41000,28) (43000,32) (45000,44) (47000,59) (49000,33) (51000,31) (53000,32) (55000,31) (57000,32) (59000,31) (61000,34) (63000,37) (65000,37) (67000,39) (69000,42) (71000,44) (73000,42) (75000,46) (77000,50) (79000,47) (81000,52) (83000,57) (85000,53) (87000,56) (89000,62) (91000,58) (93000,63) (95000,67) (97000,68) (99000,75) (101000,72) (103000,61) (105000,60) (107000,63) (109000,63) (111000,63) (113000,64) (115000,64) (117000,117) (119000,71) (121000,76) (123000,75) (125000,71) (127000,85) (129000,88) (131000,78) (133000,87) (135000,80) (137000,82) (139000,87) (141000,88) (143000,85) (145000,95) (147000,95) (149000,102) (151000,107) (153000,102) (155000,102) (157000,103) (159000,104) (161000,106) (163000,124) (165000,112) (167000,114) (169000,114) (171000,116) (173000,117) (175000,123) (177000,125) (179000,121) (181000,128) (183000,141) (185000,128) (187000,165) (189000,142) (191000,148) (193000,146) (195000,138) (197000,145) (199000,140) (200000,151) 
Almost sorted vector

0
(500,0) (600,0) (700,0) (800,0) (900,0) (1000,0) (1100,1) (1200,1) (1300,1) (1400,1) (1500,1) (1600,1) (1700,1) (1800,2) (1900,2) (2000,2) (2100,2) (2200,2) (2300,2) (2400,3) (2500,3) (2600,2) (2700,3) (2800,3) (2900,2) (3000,2) (3100,2) (3200,3) (3300,3) (3400,3) (3500,4) (3600,3) (3700,3) (3800,4) (3900,3) (4000,5) (4100,4) (4200,4) (4300,4) (4400,4) (4500,6) (4600,9) (4700,8) (4800,5) (4900,5) (5000,5) (7000,7) (9000,9) (11000,14) (13000,18) (15000,20) (17000,22) (19000,27) (21000,26) (23000,27) (25000,31) (27000,33) (29000,34) (31000,37) (33000,37) (35000,81) (37000,48) (39000,47) (41000,47) (43000,51) (45000,49) (47000,55) (49000,57) (51000,61) (53000,65) (55000,66) (57000,71) (59000,77) (61000,79) (63000,81) (65000,77) (67000,76) (69000,91) (71000,82) (73000,86) (75000,84) (77000,92) (79000,86) (81000,92) (83000,106) (85000,104) (87000,99) (89000,107) (91000,107) (93000,105) (95000,117) (97000,115) (99000,116) (101000,122) (103000,127) (105000,162) (107000,132) (109000,137) (111000,136) (113000,132) (115000,150) (117000,142) (119000,140) (121000,147) (123000,151) (125000,166) (127000,154) (129000,155) (131000,149) (133000,158) (135000,173) (137000,168) (139000,161) (141000,166) (143000,210) (145000,175) (147000,179) (149000,183) (151000,189) (153000,186) (155000,185) (157000,192) (159000,186) (161000,202) (163000,196) (165000,219) (167000,203) (169000,210) (171000,223) (173000,208) (175000,213) (177000,210) (179000,212) (181000,230) (183000,226) (185000,224) (187000,233) (189000,236) (191000,250) (193000,245) (195000,235) (197000,247) (199000,248) (200000,295) 

5
(500,0) (600,0) (700,0) (800,0) (900,0) (1000,0) (1100,0) (1200,0) (1300,0) (1400,0) (1500,0) (1600,1) (1700,0) (1800,0) (1900,0) (2000,0) (2100,0) (2200,1) (2300,1) (2400,1) (2500,1) (2600,1) (2700,1) (2800,1) (2900,1) (3000,1) (3100,2) (3200,1) (3300,2) (3400,1) (3500,2) (3600,2) (3700,2) (3800,41) (3900,3) (4000,5) (4100,2) (4200,3) (4300,2) (4400,5) (4500,2) (4600,2) (4700,2) (4800,2) (4900,3) (5000,3) (7000,3) (9000,5) (11000,8) (13000,7) (15000,9) (17000,10) (19000,12) (21000,15) (23000,18) (25000,17) (27000,19) (29000,21) (31000,20) (33000,21) (35000,23) (37000,27) (39000,29) (41000,29) (43000,31) (45000,34) (47000,29) (49000,36) (51000,33) (53000,35) (55000,38) (57000,38) (59000,38) (61000,38) (63000,40) (65000,45) (67000,42) (69000,44) (71000,86) (73000,49) (75000,58) (77000,56) (79000,61) (81000,60) (83000,62) (85000,62) (87000,63) (89000,65) (91000,63) (93000,91) (95000,119) (97000,118) (99000,79) (101000,323) (103000,82) (105000,86) (107000,86) (109000,78) (111000,80) (113000,80) (115000,78) (117000,87) (119000,82) (121000,100) (123000,96) (125000,84) (127000,89) (129000,103) (131000,99) (133000,90) (135000,96) (137000,145) (139000,111) (141000,103) (143000,99) (145000,109) (147000,105) (149000,105) (151000,108) (153000,115) (155000,119) (157000,119) (159000,134) (161000,125) (163000,127) (165000,124) (167000,129) (169000,133) (171000,128) (173000,134) (175000,137) (177000,133) (179000,137) (181000,147) (183000,145) (185000,138) (187000,139) (189000,179) (191000,142) (193000,143) (195000,141) (197000,139) (199000,145) (200000,147) 

10
(500,0) (600,0) (700,0) (800,0) (900,0) (1000,0) (1100,0) (1200,0) (1300,0) (1400,0) (1500,0) (1600,0) (1700,0) (1800,0) (1900,0) (2000,0) (2100,0) (2200,0) (2300,0) (2400,0) (2500,1) (2600,1) (2700,1) (2800,1) (2900,1) (3000,1) (3100,2) (3200,1) (3300,1) (3400,1) (3500,1) (3600,2) (3700,1) (3800,3) (3900,1) (4000,2) (4100,1) (4200,2) (4300,1) (4400,1) (4500,1) (4600,1) (4700,1) (4800,2) (4900,2) (5000,2) (7000,3) (9000,4) (11000,5) (13000,5) (15000,7) (17000,7) (19000,7) (21000,12) (23000,12) (25000,13) (27000,14) (29000,14) (31000,15) (33000,17) (35000,17) (37000,18) (39000,31) (41000,25) (43000,27) (45000,28) (47000,24) (49000,30) (51000,28) (53000,29) (55000,29) (57000,31) (59000,72) (61000,33) (63000,38) (65000,31) (67000,36) (69000,36) (71000,36) (73000,39) (75000,40) (77000,43) (79000,46) (81000,49) (83000,46) (85000,50) (87000,52) (89000,52) (91000,53) (93000,57) (95000,54) (97000,56) (99000,58) (101000,56) (103000,56) (105000,60) (107000,59) (109000,66) (111000,64) (113000,81) (115000,63) (117000,65) (119000,106) (121000,68) (123000,72) (125000,68) (127000,69) (129000,71) (131000,75) (133000,69) (135000,71) (137000,72) (139000,75) (141000,75) (143000,71) (145000,78) (147000,75) (149000,83) (151000,79) (153000,84) (155000,105) (157000,90) (159000,97) (161000,100) (163000,101) (165000,101) (167000,101) (169000,109) (171000,104) (173000,104) (175000,108) (177000,109) (179000,105) (181000,112) (183000,103) (185000,109) (187000,132) (189000,162) (191000,114) (193000,115) (195000,113) (197000,118) (199000,117) (200000,114) 

20
(500,0) (600,0) (700,0) (800,0) (900,0) (1000,0) (1100,0) (1200,0) (1300,0) (1400,0) (1500,0) (1600,0) (1700,0) (1800,0) (1900,0) (2000,0) (2100,0) (2200,0) (2300,0) (2400,0) (2500,0) (2600,0) (2700,0) (2800,0) (2900,0) (3000,0) (3100,0) (3200,0) (3300,2) (3400,1) (3500,1) (3600,1) (3700,1) (3800,1) (3900,1) (4000,1) (4100,1) (4200,1) (4300,1) (4400,1) (4500,2) (4600,1) (4700,1) (4800,2) (4900,1) (5000,1) (7000,2) (9000,2) (11000,4) (13000,5) (15000,5) (17000,6) (19000,6) (21000,9) (23000,9) (25000,10) (27000,12) (29000,13) (31000,12) (33000,16) (35000,13) (37000,13) (39000,16) (41000,18) (43000,19) (45000,20) (47000,22) (49000,25) (51000,24) (53000,24) (55000,28) (57000,25) (59000,27) (61000,57) (63000,40) (65000,42) (67000,32) (69000,31) (71000,31) (73000,32) (75000,31) (77000,40) (79000,43) (81000,44) (83000,40) (85000,41) (87000,44) (89000,45) (91000,41) (93000,49) (95000,47) (97000,44) (99000,47) (101000,49) (103000,49) (105000,48) (107000,49) (109000,51) (111000,51) (113000,52) (115000,57) (117000,55) (119000,55) (121000,87) (123000,58) (125000,60) (127000,62) (129000,58) (131000,63) (133000,81) (135000,77) (137000,93) (139000,89) (141000,83) (143000,84) (145000,73) (147000,73) (149000,78) (151000,79) (153000,83) (155000,73) (157000,82) (159000,80) (161000,95) (163000,89) (165000,87) (167000,91) (169000,100) (171000,97) (173000,91) (175000,89) (177000,93) (179000,90) (181000,90) (183000,94) (185000,92) (187000,100) (189000,95) (191000,100) (193000,98) (195000,98) (197000,100) (199000,98) (200000,134) 

50
(500,0) (600,0) (700,0) (800,0) (900,0) (1000,0) (1100,0) (1200,0) (1300,0) (1400,0) (1500,0) (1600,0) (1700,0) (1800,0) (1900,0) (2000,0) (2100,0) (2200,0) (2300,0) (2400,0) (2500,0) (2600,0) (2700,0) (2800,0) (2900,0) (3000,0) (3100,0) (3200,0) (3300,3) (3400,3) (3500,0) (3600,1) (3700,1) (3800,1) (3900,1) (4000,0) (4100,0) (4200,1) (4300,2) (4400,1) (4500,1) (4600,1) (4700,1) (4800,1) (4900,1) (5000,1) (7000,3) (9000,2) (11000,3) (13000,4) (15000,5) (17000,6) (19000,5) (21000,6) (23000,8) (25000,8) (27000,11) (29000,10) (31000,11) (33000,12) (35000,13) (37000,13) (39000,16) (41000,16) (43000,18) (45000,18) (47000,18) (49000,19) (51000,21) (53000,23) (55000,28) (57000,23) (59000,21) (61000,24) (63000,25) (65000,25) (67000,32) (69000,30) (71000,27) (73000,34) (75000,69) (77000,45) (79000,37) (81000,30) (83000,34) (85000,31) (87000,33) (89000,36) (91000,34) (93000,38) (95000,36) (97000,37) (99000,34) (101000,41) (103000,45) (105000,44) (107000,43) (109000,44) (111000,47) (113000,43) (115000,45) (117000,51) (119000,50) (121000,69) (123000,50) (125000,51) (127000,51) (129000,55) (131000,53) (133000,54) (135000,57) (137000,55) (139000,55) (141000,60) (143000,56) (145000,60) (147000,59) (149000,57) (151000,59) (153000,108) (155000,64) (157000,63) (159000,64) (161000,66) (163000,64) (165000,66) (167000,64) (169000,71) (171000,76) (173000,74) (175000,71) (177000,72) (179000,75) (181000,72) (183000,75) (185000,72) (187000,74) (189000,75) (191000,83) (193000,81) (195000,81) (197000,77) (199000,78) (200000,77) 

100
(500,0) (600,0) (700,0) (800,0) (900,0) (1000,0) (1100,0) (1200,0) (1300,0) (1400,0) (1500,0) (1600,0) (1700,0) (1800,0) (1900,0) (2000,0) (2100,0) (2200,0) (2300,0) (2400,0) (2500,0) (2600,0) (2700,0) (2800,0) (2900,0) (3000,0) (3100,0) (3200,0) (3300,0) (3400,0) (3500,0) (3600,0) (3700,0) (3800,0) (3900,0) (4000,0) (4100,0) (4200,1) (4300,0) (4400,0) (4500,0) (4600,0) (4700,0) (4800,1) (4900,1) (5000,1) (7000,1) (9000,2) (11000,2) (13000,3) (15000,5) (17000,4) (19000,5) (21000,6) (23000,7) (25000,6) (27000,8) (29000,8) (31000,9) (33000,14) (35000,9) (37000,11) (39000,11) (41000,13) (43000,13) (45000,12) (47000,23) (49000,47) (51000,18) (53000,19) (55000,20) (57000,19) (59000,20) (61000,18) (63000,22) (65000,43) (67000,23) (69000,24) (71000,26) (73000,25) (75000,29) (77000,25) (79000,26) (81000,27) (83000,30) (85000,32) (87000,32) (89000,30) (91000,32) (93000,31) (95000,34) (97000,33) (99000,32) (101000,33) (103000,38) (105000,40) (107000,38) (109000,40) (111000,40) (113000,67) (115000,46) (117000,43) (119000,45) (121000,47) (123000,44) (125000,49) (127000,46) (129000,47) (131000,49) (133000,47) (135000,50) (137000,56) (139000,54) (141000,55) (143000,57) (145000,58) (147000,57) (149000,57) (151000,59) (153000,57) (155000,61) (157000,56) (159000,59) (161000,59) (163000,57) (165000,61) (167000,61) (169000,63) (171000,67) (173000,66) (175000,71) (177000,69) (179000,67) (181000,64) (183000,63) (185000,65) (187000,67) (189000,68) (191000,72) (193000,80) (195000,72) (197000,73) (199000,70) (200000,70) 