
Random vector

0
(500,0) (600,0) (700,0) (800,0) (900,0) (1000,1) (1100,0) (1200,0) (1300,0) (1400,2) (1500,0) (1600,0) (1700,0) (1800,1) (1900,0) (2000,0) (2100,0) (2200,1) (2300,0) (2400,0) (2500,0) (2600,0) (2700,1) (2800,1) (2900,0) (3000,0) (3100,0) (3200,1) (3300,1) (3400,1) (3500,1) (3600,1) (3700,3) (3800,4) (3900,1) (4000,1) (4100,1) (4200,1) (4300,1) (4400,1) (4500,1) (4600,1) (4700,1) (4800,1) (4900,1) (5000,1) (7000,2) (9000,26) (11000,6) (13000,6) (15000,49) (17000,9) (19000,9) (21000,8) (23000,12) (25000,56) (27000,25) (29000,21) (31000,32) (33000,19) (35000,18) (37000,43) (39000,66) (41000,18) (43000,22) (45000,27) (47000,20) (49000,24) (51000,30) (53000,53) (55000,26) (57000,35) (59000,33) (61000,29) (63000,36) (65000,35) (67000,37) (69000,33) (71000,33) (73000,43) (75000,43) (77000,41) (79000,39) (81000,40) (83000,69) (85000,44) (87000,45) (89000,50) (91000,50) (93000,47) (95000,58) (97000,54) (99000,62) (101000,68) (103000,61) (105000,64) (107000,56) (109000,61) (111000,70) (113000,61) (115000,85) (117000,93) (119000,71) (121000,76) (123000,77) (125000,73) (127000,77) (129000,72) (131000,75) (133000,84) (135000,81) (137000,80) (139000,120) (141000,283) (143000,101) (145000,153) (147000,157) (149000,107) (151000,95) (153000,96) (155000,97) (157000,107) (159000,140) (161000,115) (163000,127) (165000,128) (167000,123) (169000,146) (171000,128) (173000,126) (175000,123) (177000,129) (179000,122) (181000,131) (183000,145) (185000,140) (187000,128) (189000,133) (191000,132) (193000,136) (195000,144) (197000,148) (199000,142) (200000,147) 

5
(500,0) (600,0) (700,0) (800,0) (900,0) (1000,0) (1100,0) (1200,0) (1300,0) (1400,0) (1500,0) (1600,0) (1700,0) (1800,0) (1900,0) (2000,0) (2100,0) (2200,0) (2300,0) (2400,0) (2500,0) (2600,0) (2700,0) (2800,0) (2900,0) (3000,0) (3100,1) (3200,1) (3300,0) (3400,0) (3500,2) (3600,1) (3700,0) (3800,0) (3900,1) (4000,1) (4100,1) (4200,1) (4300,1) (4400,1) (4500,1) (4600,6) (4700,1) (4800,1) (4900,1) (5000,1) (7000,2) (9000,2) (11000,3) (13000,3) (15000,4) (17000,5) (19000,6) (21000,15) (23000,50) (25000,11) (27000,11) (29000,11) (31000,11) (33000,13) (35000,11) (37000,14) (39000,14) (41000,14) (43000,15) (45000,20) (47000,20) (49000,24) (51000,44) (53000,25) (55000,23) (57000,26) (59000,23) (61000,26) (63000,30) (65000,28) (67000,35) (69000,31) (71000,32) (73000,37) (75000,34) (77000,38) (79000,39) (81000,37) (83000,45) (85000,44) (87000,42) (89000,42) (91000,48) (93000,57) (95000,60) (97000,53) (99000,62) (101000,50) (103000,57) (105000,58) (107000,61) (109000,62) (111000,64) (113000,63) (115000,66) (117000,70) (119000,69) (121000,70) (123000,75) (125000,74) (127000,76) (129000,69) (131000,82) (133000,75) (135000,87) (137000,87) (139000,82) (141000,94) (143000,88) (145000,94) (147000,91) (149000,90) (151000,96) (153000,91) (155000,102) (157000,107) (159000,104) (161000,100) (163000,106) (165000,103) (167000,150) (169000,115) (171000,116) (173000,140) (175000,131) (177000,127) (179000,129) (181000,118) (183000,131) (185000,131) (187000,137) (189000,125) (191000,131) (193000,132) (195000,128) (197000,137) (199000,140) (200000,138) 

10
(500,0) (600,0) (700,0) (800,0) (900,0) (1000,0) (1100,0) (1200,0) (1300,0) (1400,0) (1500,0) (1600,0) (1700,0) (1800,0) (1900,0) (2000,0) (2100,0) (2200,0) (2300,0) (2400,0) (2500,0) (2600,0) (2700,0) (2800,0) (2900,0) (3000,0) (3100,0) (3200,0) (3300,0) (3400,0) (3500,0) (3600,1) (3700,1) (3800,0) (3900,0) (4000,1) (4100,0) (4200,1) (4300,1) (4400,1) (4500,1) (4600,1) (4700,1) (4800,1) (4900,1) (5000,1) (7000,1) (9000,6) (11000,2) (13000,3) (15000,4) (17000,4) (19000,5) (21000,6) (23000,6) (25000,7) (27000,7) (29000,8) (31000,9) (33000,11) (35000,11) (37000,10) (39000,12) (41000,13) (43000,12) (45000,15) (47000,14) (49000,17) (51000,19) (53000,16) (55000,17) (57000,20) (59000,26) (61000,26) (63000,27) (65000,30) (67000,39) (69000,31) (71000,31) (73000,33) (75000,32) (77000,34) (79000,31) (81000,34) (83000,35) (85000,36) (87000,38) (89000,40) (91000,39) (93000,42) (95000,44) (97000,45) (99000,47) (101000,51) (103000,50) (105000,56) (107000,53) (109000,52) (111000,59) (113000,54) (115000,62) (117000,107) (119000,71) (121000,70) (123000,61) (125000,66) (127000,69) (129000,66) (131000,76) (133000,71) (135000,80) (137000,73) (139000,83) (141000,77) (143000,84) (145000,83) (147000,85) (149000,81) (151000,84) (153000,92) (155000,89) (157000,94) (159000,94) (161000,93) (163000,95) (165000,103) (167000,125) (169000,105) (171000,106) (173000,104) (175000,109) (177000,114) (179000,120) (181000,122) (183000,119) (185000,127) (187000,131) (189000,138) (191000,138) (193000,133) (195000,132) (197000,138) (199000,132) (200000,141) 

20
(500,0) (600,0) (700,0) (800,0) (900,0) (1000,0) (1100,0) (1200,0) (1300,0) (1400,0) (1500,0) (1600,0) (1700,0) (1800,0) (1900,0) (2000,0) (2100,0) (2200,0) (2300,0) (2400,0) (2500,0) (2600,0) (2700,0) (2800,0) (2900,0) (3000,0) (3100,0) (3200,0) (3300,0) (3400,0) (3500,0) (3600,0) (3700,0) (3800,0) (3900,0) (4000,0) (4100,1) (4200,1) (4300,1) (4400,1) (4500,1) (4600,1) (4700,1) (4800,1) (4900,1) (5000,1) (7000,1) (9000,2) (11000,2) (13000,3) (15000,4) (17000,4) (19000,7) (21000,6) (23000,6) (25000,5) (27000,6) (29000,7) (31000,8) (33000,8) (35000,9) (37000,9) (39000,10) (41000,11) (43000,11) (45000,10) (47000,11) (49000,12) (51000,13) (53000,13) (55000,12) (57000,16) (59000,15) (61000,22) (63000,23) (65000,16) (67000,16) (69000,18) (71000,19) (73000,23) (75000,23) (77000,63) (79000,32) (81000,29) (83000,26) (85000,26) (87000,31) (89000,28) (91000,31) (93000,31) (95000,41) (97000,36) (99000,34) (101000,41) (103000,41) (105000,44) (107000,46) (109000,53) (111000,51) (113000,45) (115000,52) (117000,55) (119000,48) (121000,50) (123000,62) (125000,58) (127000,57) (129000,57) (131000,57) (133000,67) (135000,66) (137000,63) (139000,71) (141000,76) (143000,69) (145000,71) (147000,78) (149000,82) (151000,79) (153000,88) (155000,84) (157000,84) (159000,90) (161000,80) (163000,96) (165000,100) (167000,90) (169000,102) (171000,98) (173000,103) (175000,97) (177000,126) (179000,104) (181000,102) (183000,103) (185000,109) (187000,110) (189000,132) (191000,121) (193000,118) (195000,115) (197000,123) (199000,128) (200000,131) 

50
(500,0) (600,0) (700,0) (800,0) (900,0) (1000,0) (1100,0) (1200,0) (1300,0) (1400,0) (1500,0) (1600,0) (1700,0) (1800,0) (1900,0) (2000,0) (2100,0) (2200,0) (2300,0) (2400,0) (2500,0) (2600,0) (2700,0) (2800,0) (2900,0) (3000,0) (3100,0) (3200,0) (3300,0) (3400,0) (3500,0) (3600,0) (3700,0) (3800,1) (3900,1) (4000,0) (4100,0) (4200,1) (4300,1) (4400,1) (4500,1) (4600,1) (4700,1) (4800,1) (4900,1) (5000,1) (7000,2) (9000,3) (11000,3) (13000,6) (15000,4) (17000,4) (19000,5) (21000,5) (23000,5) (25000,7) (27000,8) (29000,7) (31000,8) (33000,8) (35000,20) (37000,32) (39000,9) (41000,10) (43000,10) (45000,10) (47000,11) (49000,13) (51000,12) (53000,14) (55000,11) (57000,12) (59000,14) (61000,15) (63000,16) (65000,16) (67000,17) (69000,19) (71000,19) (73000,19) (75000,21) (77000,21) (79000,21) (81000,20) (83000,19) (85000,20) (87000,20) (89000,18) (91000,22) (93000,20) (95000,22) (97000,28) (99000,27) (101000,24) (103000,29) (105000,26) (107000,28) (109000,29) (111000,25) (113000,25) (115000,28) (117000,27) (119000,30) (121000,33) (123000,26) (125000,32) (127000,29) (129000,28) (131000,30) (133000,29) (135000,30) (137000,30) (139000,31) (141000,34) (143000,37) (145000,35) (147000,39) (149000,34) (151000,38) (153000,35) (155000,39) (157000,44) (159000,48) (161000,45) (163000,44) (165000,46) (167000,48) (169000,49) (171000,55) (173000,52) (175000,55) (177000,57) (179000,61) (181000,126) (183000,65) (185000,69) (187000,65) (189000,69) (191000,71) (193000,72) (195000,66) (197000,75) (199000,87) (200000,79) 

100
(500,0) (600,0) (700,0) (800,0) (900,0) (1000,0) (1100,0) (1200,0) (1300,0) (1400,0) (1500,0) (1600,0) (1700,0) (1800,0) (1900,0) (2000,0) (2100,0) (2200,0) (2300,0) (2400,0) (2500,0) (2600,0) (2700,0) (2800,0) (2900,0) (3000,0) (3100,0) (3200,0) (3300,0) (3400,1) (3500,1) (3600,1) (3700,1) (3800,0) (3900,1) (4000,1) (4100,1) (4200,1) (4300,1) (4400,1) (4500,1) (4600,1) (4700,1) (4800,1) (4900,1) (5000,1) (7000,1) (9000,2) (11000,3) (13000,4) (15000,5) (17000,4) (19000,5) (21000,8) (23000,7) (25000,8) (27000,9) (29000,10) (31000,9) (33000,10) (35000,12) (37000,12) (39000,11) (41000,12) (43000,10) (45000,11) (47000,12) (49000,15) (51000,13) (53000,18) (55000,13) (57000,15) (59000,17) (61000,17) (63000,22) (65000,19) (67000,21) (69000,20) (71000,21) (73000,20) (75000,19) (77000,22) (79000,24) (81000,21) (83000,24) (85000,28) (87000,21) (89000,25) (91000,27) (93000,20) (95000,29) (97000,24) (99000,24) (101000,26) (103000,28) (105000,29) (107000,33) (109000,38) (111000,33) (113000,33) (115000,31) (117000,36) (119000,33) (121000,31) (123000,30) (125000,28) (127000,34) (129000,32) (131000,29) (133000,32) (135000,34) (137000,35) (139000,34) (141000,38) (143000,38) (145000,32) (147000,33) (149000,34) (151000,33) (153000,35) (155000,35) (157000,44) (159000,37) (161000,44) (163000,35) (165000,37) (167000,40) (169000,35) (171000,43) (173000,37) (175000,40) (177000,42) (179000,42) (181000,44) (183000,44) (185000,57) (187000,43) (189000,43) (191000,45) (193000,42) (195000,44) (197000,89) (199000,52) (200000,45) 
Reversed vector

0
(500,0) (600,1) (700,1) (800,2) (900,2) (1000,3) (1100,3) (1200,5) (1300,7) (1400,7) (1500,9) (1600,8) (1700,12) (1800,13) (1900,16) (2000,13) (2100,15) (2200,16) (2300,21) (2400,20) (2500,30) (2600,32) (2700,34) (2800,40) (2900,37) (3000,36) (3100,35) (3200,42) (3300,40) (3400,140) (3500,54) (3600,52) (3700,53) (3800,51) (3900,55) (4000,53) (4100,59) (4200,64) (4300,69) (4400,65) (4500,66) (4600,71) (4700,84) (4800,103) (4900,95) (5000,90) (7000,161) (9000,280) (11000,414) (13000,577) (15000,755) (17000,951) (19000,1224) (21000,1559) (23000,1781) (25000,2037) 

5
(500,0) (600,1) (700,1) (800,1) (900,2) (1000,3) (1100,3) (1200,7) (1300,6) (1400,6) (1500,8) (1600,10) (1700,10) (1800,10) (1900,11) (2000,15) (2100,18) (2200,15) (2300,17) (2400,20) (2500,29) (2600,25) (2700,26) (2800,31) (2900,33) (3000,32) (3100,39) (3200,50) (3300,48) (3400,45) (3500,52) (3600,48) (3700,50) (3800,48) (3900,53) (4000,52) (4100,61) (4200,59) (4300,65) (4400,67) (4500,65) (4600,77) (4700,74) (4800,119) (4900,108) (5000,89) (7000,169) (9000,267) (11000,392) (13000,553) (15000,746) (17000,962) (19000,1214) (21000,1459) (23000,1811) (25000,2119) 

10
(500,0) (600,1) (700,1) (800,2) (900,2) (1000,3) (1100,3) (1200,4) (1300,5) (1400,5) (1500,7) (1600,8) (1700,9) (1800,12) (1900,12) (2000,14) (2100,17) (2200,16) (2300,16) (2400,19) (2500,20) (2600,35) (2700,36) (2800,31) (2900,31) (3000,29) (3100,30) (3200,38) (3300,38) (3400,40) (3500,42) (3600,42) (3700,50) (3800,49) (3900,48) (4000,52) (4100,59) (4200,61) (4300,68) (4400,62) (4500,63) (4600,110) (4700,78) (4800,78) (4900,82) (5000,87) (7000,166) (9000,257) (11000,393) (13000,540) (15000,776) (17000,935) (19000,1182) (21000,1468) (23000,1714) (25000,2066) 

20
(500,0) (600,1) (700,1) (800,2) (900,2) (1000,2) (1100,3) (1200,4) (1300,6) (1400,7) (1500,7) (1600,9) (1700,8) (1800,11) (1900,11) (2000,13) (2100,16) (2200,16) (2300,19) (2400,19) (2500,24) (2600,26) (2700,23) (2800,27) (2900,33) (3000,34) (3100,34) (3200,33) (3300,37) (3400,39) (3500,42) (3600,43) (3700,44) (3800,49) (3900,53) (4000,50) (4100,55) (4200,59) (4300,63) (4400,69) (4500,105) (4600,76) (4700,73) (4800,77) (4900,117) (5000,88) (7000,172) (9000,264) (11000,407) (13000,569) (15000,728) (17000,916) (19000,1164) (21000,1488) (23000,1698) (25000,2030) 

50
(500,1) (600,1) (700,1) (800,2) (900,3) (1000,3) (1100,3) (1200,4) (1300,5) (1400,6) (1500,7) (1600,8) (1700,8) (1800,11) (1900,13) (2000,14) (2100,16) (2200,16) (2300,20) (2400,22) (2500,22) (2600,24) (2700,30) (2800,25) (2900,30) (3000,35) (3100,35) (3200,35) (3300,39) (3400,39) (3500,42) (3600,40) (3700,48) (3800,52) (3900,48) (4000,56) (4100,53) (4200,62) (4300,60) (4400,63) (4500,68) (4600,109) (4700,71) (4800,81) (4900,82) (5000,87) (7000,160) (9000,272) (11000,406) (13000,555) (15000,726) (17000,937) (19000,1171) (21000,1435) (23000,1705) (25000,2011) 

100
(500,0) (600,1) (700,1) (800,1) (900,2) (1000,2) (1100,3) (1200,4) (1300,5) (1400,6) (1500,6) (1600,8) (1700,11) (1800,13) (1900,11) (2000,13) (2100,14) (2200,15) (2300,20) (2400,18) (2500,21) (2600,26) (2700,26) (2800,30) (2900,31) (3000,31) (3100,30) (3200,34) (3300,35) (3400,36) (3500,41) (3600,41) (3700,44) (3800,45) (3900,48) (4000,54) (4100,52) (4200,56) (4300,66) (4400,80) (4500,114) (4600,75) (4700,71) (4800,79) (4900,76) (5000,76) (7000,157) (9000,268) (11000,388) (13000,540) (15000,718) (17000,945) (19000,1172) (21000,1386) (23000,1690) (25000,1990) 
Almost sorted vector

0
(500,1) (600,1) (700,2) (800,4) (900,5) (1000,6) (1100,7) (1200,9) (1300,12) (1400,10) (1500,14) (1600,13) (1700,17) (1800,17) (1900,19) (2000,21) (2100,23) (2200,36) (2300,35) (2400,31) (2500,37) (2600,43) (2700,43) (2800,43) (2900,46) (3000,49) (3100,51) (3200,56) (3300,58) (3400,62) (3500,61) (3600,68) (3700,70) (3800,90) (3900,74) (4000,83) (4100,127) (4200,95) (4300,114) (4400,103) (4500,114) (4600,111) (4700,115) (4800,123) (4900,127) (5000,128) (7000,254) (9000,419) (11000,663) (13000,871) (15000,1178) (17000,1478) (19000,1853) (21000,2268) (23000,2749) (25000,3160) 

5
(500,1) (600,2) (700,2) (800,3) (900,4) (1000,5) (1100,7) (1200,7) (1300,10) (1400,11) (1500,11) (1600,13) (1700,15) (1800,15) (1900,18) (2000,20) (2100,23) (2200,24) (2300,30) (2400,33) (2500,34) (2600,37) (2700,37) (2800,42) (2900,48) (3000,48) (3100,50) (3200,53) (3300,55) (3400,58) (3500,63) (3600,66) (3700,70) (3800,69) (3900,79) (4000,86) (4100,89) (4200,87) (4300,101) (4400,139) (4500,111) (4600,116) (4700,121) (4800,116) (4900,116) (5000,124) (7000,241) (9000,413) (11000,622) (13000,838) (15000,1134) (17000,1458) (19000,1840) (21000,2240) (23000,2656) (25000,3236) 

10
(500,1) (600,1) (700,2) (800,2) (900,3) (1000,5) (1100,7) (1200,8) (1300,7) (1400,12) (1500,12) (1600,14) (1700,59) (1800,18) (1900,23) (2000,31) (2100,24) (2200,24) (2300,28) (2400,31) (2500,31) (2600,36) (2700,36) (2800,40) (2900,40) (3000,44) (3100,52) (3200,54) (3300,52) (3400,63) (3500,60) (3600,67) (3700,69) (3800,78) (3900,75) (4000,80) (4100,82) (4200,92) (4300,93) (4400,95) (4500,100) (4600,106) (4700,115) (4800,119) (4900,119) (5000,130) (7000,260) (9000,429) (11000,604) (13000,845) (15000,1103) (17000,1471) (19000,1792) (21000,2284) (23000,2654) (25000,3131) 

20
(500,1) (600,1) (700,3) (800,3) (900,3) (1000,4) (1100,6) (1200,8) (1300,7) (1400,10) (1500,12) (1600,15) (1700,14) (1800,17) (1900,20) (2000,20) (2100,24) (2200,27) (2300,30) (2400,33) (2500,32) (2600,38) (2700,40) (2800,42) (2900,44) (3000,46) (3100,48) (3200,56) (3300,54) (3400,57) (3500,63) (3600,69) (3700,70) (3800,75) (3900,77) (4000,79) (4100,126) (4200,94) (4300,95) (4400,99) (4500,99) (4600,107) (4700,110) (4800,118) (4900,113) (5000,122) (7000,255) (9000,427) (11000,613) (13000,914) (15000,1101) (17000,1469) (19000,1781) (21000,2192) (23000,2656) (25000,3062) 

50
(500,1) (600,1) (700,2) (800,2) (900,3) (1000,4) (1100,5) (1200,7) (1300,9) (1400,11) (1500,11) (1600,13) (1700,15) (1800,16) (1900,18) (2000,19) (2100,27) (2200,24) (2300,28) (2400,35) (2500,32) (2600,36) (2700,41) (2800,42) (2900,49) (3000,48) (3100,46) (3200,56) (3300,89) (3400,62) (3500,64) (3600,68) (3700,70) (3800,77) (3900,80) (4000,76) (4100,81) (4200,85) (4300,97) (4400,100) (4500,103) (4600,106) (4700,113) (4800,120) (4900,120) (5000,123) (7000,235) (9000,403) (11000,604) (13000,859) (15000,1123) (17000,1447) (19000,1789) (21000,2167) (23000,2713) (25000,3220) 

100
(500,1) (600,1) (700,2) (800,3) (900,4) (1000,5) (1100,7) (1200,7) (1300,11) (1400,12) (1500,14) (1600,17) (1700,19) (1800,20) (1900,21) (2000,27) (2100,27) (2200,26) (2300,31) (2400,32) (2500,37) (2600,41) (2700,41) (2800,42) (2900,46) (3000,52) (3100,54) (3200,55) (3300,60) (3400,59) (3500,64) (3600,67) (3700,70) (3800,123) (3900,98) (4000,86) (4100,88) (4200,90) (4300,98) (4400,102) (4500,103) (4600,108) (4700,115) (4800,117) (4900,121) (5000,123) (7000,244) (9000,436) (11000,611) (13000,845) (15000,1156) (17000,1484) (19000,1869) (21000,2272) (23000,2744) (25000,3176) 